1.0 0.01 1.2209378360743024 8.011484127906648 0.469625759659568 1.0996558925003994 0.4196673708945573
1.0 0.012252798573828647 1.7394511443413898 8.217761917629499 0.46955727362052324 1.1161897038837525 0.4054210253635613
1.0 0.015013107289081734 2.318944439832201 8.4231585221474 0.4695520849452939 1.1162180872515957 0.41040478035553324
1.0 0.018395257958039715 3.0611799747448707 8.221880427247768 0.47513933577218864 1.131101493125566 0.4258623076477581
1.0 0.022539339047347905 3.9127813483642013 8.619741731788444 0.47182667517051047 1.1345207293336719 0.4270828365067336
1.0 0.02761699813343848 4.861646725116277 9.437416249507631 0.4419435731842993 1.1225091652010626 0.4089388022288202
1.0 0.03383855153428234 5.826077762616783 9.436467925066477 0.4529653035545333 1.1226783592127458 0.41921517510105377
1.0 0.04146169559796818 6.74878713745027 9.815910059014383 0.4714411136014963 1.1684797160099774 0.3876936968485823
1.0 0.05080218046913021 7.4085228199507736 9.853000463563333 0.47124144567227566 1.2203786864056698 0.38837864668349825
1.0 0.06224688843995442 11.429136399094793 6.792042674493471 0.6237616268326556 1.3790447004111082 0.4347002657787544
1.0 0.07626985859023445 25.09935783890954 9.620975615844054 0.5168143795766607 2.0921301144350997 0.24754033228326416
1.0 0.09345192145605373 31.36011469481176 10.101858410332422 0.5168366494783778 2.0923260465986893 0.24750348135788708
1.0 0.1145047569938282 38.91370703088484 10.10169093856101 0.5233035411377558 2.0939179671013797 0.25369019830062256
1.0 0.14030037231905734 32.338162181195145 12.10488881046036 0.49541154128136555 1.4389350569335084 0.2908235404770949
1.0 0.1719072201858574 49.6003905746187 14.871920096364043 0.4604375696771903 1.7419940309111874 0.48554974095846914
1.0 0.21063445423241212 43.04836471852883 19.046271510087056 0.4237022615046754 1.2452802161340601 0.5926880473027409
1.0 0.2580861540418075 54.58906634555734 19.45721428825095 0.40417957106650226 1.2720382244770696 0.6020003726801626
1.0 0.31622776601683794 54.396692885636426 15.189697111122756 0.4769363552724012 1.0314447448200732 1.1199372687527394
1.0 0.38746751204561314 62.304143678547746 15.17580083885029 0.4955610093399292 0.9580129683212666 1.6306931458679854
1.0 0.47475613789974225 121.97671891473686 10.460845820468581 0.6271188789631926 1.51160729108784 3.336087676932315
1.0 0.581709132937436 149.648509386184 10.456519968082446 0.6267653610747701 1.5125494640473147 3.337982625892935
1.0 0.7127564834438914 268.5505245471516 7.483667197162157 0.749732941971369 2.2058477755327255 3.001538007437486
1.0 0.8733261623828434 309.0140496729898 6.870728097942974 0.8021659883011133 2.0701172317993692 3.8962498950235815
1.0 1.070068955693175 347.75961001743326 7.576093971214797 0.7874868529944522 1.9005235225528072 5.041937253549546
1.0 1.3111339374215647 491.5952886839947 7.732924884389991 0.7952097006231322 2.190906297020958 5.651555055122088
1.0 1.6065060038537289 597.3984626229031 6.7647425971256885 0.886382407569618 2.1721790695435463 6.693415725031746
1.0 1.9684194472866114 841.126356953441 5.996216386655646 0.9407569349347524 2.495058128660091 6.349784496425965
1.0 2.4118646996409967 1053.8655874071565 5.782091521698327 0.9844442493074803 2.550783314895579 6.815485349982505
1.0 2.9552092352028865 1396.6634791322415 6.376484658687692 0.9702508818061293 2.7583576967296706 6.757433664194739
1.0 3.6209583502459175 1606.2335678466034 6.662586999886647 0.970382653204519 2.5887402851267227 7.873307591381586
1.0 4.436687330978611 1971.2326473442736 6.735422447426702 0.9719454636970635 2.5926072619469043 7.884791472557739
1.0 5.436183620153836 2446.560882300961 6.765563015506438 0.9766496437439687 2.6258970221862117 7.919831048445982
1.0 6.6608462908091575 3111.5206628932015 6.764021009170455 0.9878209496294084 2.725329688863328 7.924140177368233
1.0 8.161400793251827 3866.236038431278 6.859000894845938 1.0171589821075386 2.7635646845400537 8.035633596719231
1.0 10.0 4895.099584607875 6.750054361160444 1.070415595239822 2.8554545157894724 9.332136048482887
1.2742749857031337 0.01 0.640409396526305 8.243826713607099 0.46690391861696 1.1028912528937445 0.4209019462537468
1.2742749857031337 0.012252798573828647 1.018186658203609 8.024173103537269 0.4926939691764088 1.0988120224051139 0.41979505883064827
1.2742749857031337 0.015013107289081734 1.5021560409380577 8.075801971721042 0.4920992165963255 1.0985977123716455 0.4389020746297764
1.2742749857031337 0.018395257958039715 1.987578851358687 8.176735768333536 0.4982501247282594 1.071133425098369 0.44568512330495147
1.2742749857031337 0.022539339047347905 2.639355467676853 8.379533499127582 0.5107143732985802 1.0710117753947146 0.44578236109743047
1.2742749857031337 0.02761699813343848 3.4561902276593086 8.513189883329161 0.5073868771315793 1.081076163610612 0.45560635673217464
1.2742749857031337 0.03383855153428234 4.012598948370993 8.752679106642411 0.5216490903498461 1.0000275216245078 0.4741080314463487
1.2742749857031337 0.04146169559796818 5.189996112839972 8.752941529118456 0.5346442875604528 1.0249951711696081 0.47413698000651733
1.2742749857031337 0.05080218046913021 6.075021626495896 8.753049937316302 0.5349934835646282 1.035014656024078 0.49818048460623554
1.2742749857031337 0.06224688843995442 6.712822422712384 8.753046598292736 0.5354107329303004 1.047143931437739 0.5044084058065197
1.2742749857031337 0.07626985859023445 7.187850010396205 8.753142606653636 0.5354036268553923 1.07336074894042 0.5047845284616528
1.2742749857031337 0.09345192145605373 28.229208748785613 5.502108977630817 0.7658490296151144 2.406919236017535 0.5202758784073955
1.2742749857031337 0.1145047569938282 35.05451046783681 5.505398195669728 0.7665513017523554 2.4084885673685585 0.519603890258845
1.2742749857031337 0.14030037231905734 44.655094346922006 5.50609353157307 0.7857440340397517 2.468722682196105 0.5195766279397505
1.2742749857031337 0.1719072201858574 55.37232850901742 5.50609353157307 0.7857440340397517 2.468722682196105 0.5196019978922866
1.2742749857031337 0.21063445423241212 60.8427735936875 5.6625906623066555 0.8140430329360102 2.2059797808678487 0.5468945644740677
1.2742749857031337 0.2580861540418075 75.54065843227518 5.784439966725813 0.8156507026724071 2.2208949467536456 0.554146530595724
1.2742749857031337 0.31622776601683794 93.16575821660865 5.815122830226576 0.8134795032403954 2.2266549322956877 0.5609835517108781
1.2742749857031337 0.38746751204561314 115.84494884155605 5.81433700209322 0.8439586068043079 2.2542888160762145 0.561142777585385
1.2742749857031337 0.47475613789974225 142.09365702098785 6.104615440818739 0.8439308162770081 2.254358902413724 0.5611749307571495
1.2742749857031337 0.581709132937436 175.00064815054807 6.352819148097066 0.846513796337214 2.261332718128992 0.5664176015006065
1.2742749857031337 0.7127564834438914 219.74878403923117 6.352800470805004 0.8676739244066336 2.310803479008479 0.5673054725974126
1.2742749857031337 0.8733261623828434 266.91269516628427 6.37283971678335 0.8663518881505399 2.2862457825332707 0.6003669683271909
1.2742749857031337 1.070068955693175 333.57438632104794 6.3064373025753735 0.9031997108889012 2.3287652379774744 0.6115872538606358
1.2742749857031337 1.3111339374215647 409.06752453851 6.306356164251101 0.9482968470901658 2.3289047930345896 0.6116242005703261
1.2742749857031337 1.6065060038537289 501.54518958164334 6.306299624198955 0.9482821963047443 2.3288978237842626 0.6135441923617755
1.2742749857031337 1.9684194472866114 503.75057072415973 6.3080213205935785 0.9482994244685308 1.9089999075437127 0.7652552642252959
1.2742749857031337 2.4118646996409967 617.5947096548374 6.308020318449728 0.9482994078875651 1.9090776971681716 0.7652864475267638
1.2742749857031337 2.9552092352028865 757.114824007517 6.308019271569532 0.9482993524582531 1.9091704939915681 0.7653236467206072
1.2742749857031337 3.6209583502459175 928.1437255814855 6.307408280319468 0.9718857028872461 1.9093730587282436 0.7654420691382974
1.2742749857031337 4.436687330978611 1148.0611833830512 6.400354449699506 0.9780073790159534 1.9268453890484967 0.7723264809004126
1.2742749857031337 5.436183620153836 1401.482884895005 6.420386886493404 0.9764601332117699 1.919142815554292 0.7803183666038489
1.2742749857031337 6.6608462908091575 1728.3906935009772 6.420345973696868 0.9764522103463514 1.931134764520309 0.7803264447533549
1.2742749857031337 8.161400793251827 2109.6708299949346 7.206773159459851 1.0185220596302436 1.9221374520370524 11.588184885907392
1.2742749857031337 10.0 4169.966250166482 5.263650044633877 1.2596648784134157 3.099858694148867 9.211925597814536
1.6237767391887217 0.01 0.29560589145971916 8.071886758256204 0.4719573348404753 1.118257446837995 0.44247059439296776
1.6237767391887217 0.012252798573828647 0.5385431630410857 8.020749875638668 0.4740059404166761 1.1317469534440527 0.45321185795280705
1.6237767391887217 0.015013107289081734 0.9208819651523069 7.985585877660517 0.4752646241633979 1.1528860238249 0.4673827662779017
1.6237767391887217 0.018395257958039715 1.4141582014189988 8.384417656105303 0.47526358718109096 1.1528945484054685 0.4673861976859472
1.6237767391887217 0.022539339047347905 1.9608001729764561 8.409283544197407 0.4746226742472439 1.141984535865061 0.4752039669122138
1.6237767391887217 0.02761699813343848 2.5790628964718305 8.410193103790874 0.48057587639571453 1.1239243179610887 0.487066758817405
1.6237767391887217 0.03383855153428234 3.123293549566202 9.119257527819537 0.4760693528976876 1.0606882223882055 0.4916697885254208
1.6237767391887217 0.04146169559796818 4.225680289622214 9.17821660268039 0.47896626942023895 1.1044843086868306 0.48557316761068303
1.6237767391887217 0.05080218046913021 5.348825314732329 9.408027806298318 0.49091626710996195 1.1320564931126875 0.4613441732437683
1.6237767391887217 0.06224688843995442 6.0826889741939345 9.430738140059864 0.4903754820873788 1.1329806369420994 0.4632052247946988
1.6237767391887217 0.07626985859023445 6.510649689548978 9.414093005293513 0.49294156902246544 1.2013386311097438 0.4708611580716856
1.6237767391887217 0.09345192145605373 9.842558720728263 9.368002999161355 0.5199499180007179 1.5763345989351842 0.14685035565557453
1.6237767391887217 0.1145047569938282 14.400258722097169 9.669501938593049 0.5236285988234171 1.5829219596099757 0.14792139560996753
1.6237767391887217 0.14030037231905734 20.693572439967806 9.63907894028077 0.5187373462250906 1.6669392987978835 0.15208195648362904
1.6237767391887217 0.1719072201858574 27.76713653117296 9.745350190307807 0.5195024543348872 1.7295629844363976 0.15206009802570217
1.6237767391887217 0.21063445423241212 32.670568118407374 9.51652745552539 0.5346987760106854 1.6293482455909514 0.17355912710387036
1.6237767391887217 0.2580861540418075 42.60102039580199 9.874785812283402 0.48208802592905514 1.6907487012424518 0.18010748442080254
1.6237767391887217 0.31622776601683794 51.008157083195215 10.075620005418438 0.48666778948439365 1.62082049194042 0.18807298136381204
1.6237767391887217 0.38746751204561314 63.22127725493937 10.500715040325504 0.4855925299874857 1.6136611445867985 0.18790575275442742
1.6237767391887217 0.47475613789974225 76.78154382296636 10.597405614453972 0.4833929591006775 1.5846544987759197 0.19097401809826742
1.6237767391887217 0.581709132937436 93.99025453296838 11.055354032249735 0.48548252938125835 1.572952763519965 0.1932445832848423
1.6237767391887217 0.7127564834438914 120.66885463607353 10.96479661204387 0.487963548116487 1.640749758985429 0.19449550267641927
1.6237767391887217 0.8733261623828434 148.10995105586062 11.513006117795815 0.4879636877239779 1.6407514802004244 0.19449555832202894
1.6237767391887217 1.070068955693175 182.15542520917862 11.512787957080963 0.49100167946460077 1.6407088840881727 0.20301173448107054
1.6237767391887217 1.3111339374215647 229.77656668932678 11.802365209168585 0.5031682023433204 1.6814519230847906 0.1929429287745404
1.6237767391887217 1.6065060038537289 281.7441987412158 11.783888031040906 0.5153372291351299 1.6776027882909497 0.1982192960434782
1.6237767391887217 1.9684194472866114 313.4378492927652 12.043955096582632 0.5153693074339466 1.5214873325878076 0.22517922975687266
1.6237767391887217 2.4118646996409967 384.6370164564104 12.043774496384653 0.5153453578233325 1.521511909828094 0.23643741404305896
1.6237767391887217 2.9552092352028865 460.3208185278465 12.090931899310835 0.5142895402754304 1.4847325551040105 0.23682059337204453
1.6237767391887217 3.6209583502459175 568.0420861816468 12.118916001853327 0.5137068152810813 1.4938414548282002 0.23824860933560693
1.6237767391887217 4.436687330978611 697.2016209386346 12.727448141547626 0.512895276858669 1.495187451943091 0.24025741991473157
1.6237767391887217 5.436183620153836 859.1362954559497 12.872682364290728 0.511497339161496 1.5026444598863966 0.24253001296706755
1.6237767391887217 6.6608462908091575 1054.24596454419 13.062769095989083 0.5092785377820196 1.503984723082291 0.2469271386546677
1.6237767391887217 8.161400793251827 976.3349233104008 14.812517404576917 0.5289866545911146 1.1345434561345598 10.546158196329882
1.6237767391887217 10.0 1238.8776255531243 14.625688955626675 0.5374742605122778 1.174615467138252 10.84467590654151
2.0691380811147897 0.01 0.5629921969848442 15.812694126326468 0.35340563869235014 1.6143764823458482 0.960603327934846
2.0691380811147897 0.012252798573828647 0.7652206307693217 15.71484957518781 0.3579142514628688 1.531917908794025 1.0876673858143295
2.0691380811147897 0.015013107289081734 1.1150757349664513 16.077132388993583 0.3706355641014643 1.524081418999505 1.092739024097423
2.0691380811147897 0.018395257958039715 1.7180580160454513 14.306139233719804 0.4245262600033677 1.5321983740167422 1.8120664022874022
2.0691380811147897 0.022539339047347905 1.5462302826974696 14.937112210392252 0.4407361060585223 1.1766174958321156 2.026128005804411
2.0691380811147897 0.02761699813343848 2.455031994207045 15.055618022887959 0.4582591253441933 1.273379839378805 4.502427382596629
2.0691380811147897 0.03383855153428234 2.6749716157278454 15.092498004246515 0.48988689257364226 1.0995243395901624 7.241076009469554
2.0691380811147897 0.04146169559796818 4.532478734794409 10.642186979795959 0.5882700406308339 1.4017275539388336 12.99937880342651
2.0691380811147897 0.05080218046913021 5.755184658132304 11.095978344485633 0.5970334377354221 1.440285425533615 17.220998375840324
2.0691380811147897 0.06224688843995442 17.88550870412513 5.136716205883712 1.2134419626561534 3.901821230191789 1.3069750660672521
2.0691380811147897 0.07626985859023445 23.162632746714355 5.168357966054787 1.198407487634344 3.9757664594134736 1.3152649702999861
2.0691380811147897 0.09345192145605373 30.519996028973438 5.171326410774617 1.1991219948225333 4.173424618666037 1.3148261759846385
2.0691380811147897 0.1145047569938282 37.776672716254595 5.170884524972914 1.1992756908789985 4.175029390095334 1.3293756135887655
2.0691380811147897 0.14030037231905734 47.52573254931559 5.259602689711407 1.1936554951992164 4.233850856082299 1.3085975857827465
2.0691380811147897 0.1719072201858574 61.093832805301915 5.259798688260455 1.208672762539329 4.392137135899167 1.3085888612304917
2.0691380811147897 0.21063445423241212 76.187442370959 5.263717725926219 1.20957508485193 4.443640330420456 1.3556963809499147
2.0691380811147897 0.2580861540418075 91.21849733799543 5.499906883323089 1.1726513580078615 4.328995305650091 1.408484083340465
2.0691380811147897 0.31622776601683794 108.12212194039468 5.536477632298002 1.1728490762407726 4.179388680429728 1.5251245738903672
2.0691380811147897 0.38746751204561314 134.28979118656784 5.743582693965689 1.1874832975667413 4.231790230230457 1.4871026442705157
2.0691380811147897 0.47475613789974225 165.19521263843885 5.615597530217501 1.2246777746920356 4.239765220559438 1.980588741825032
2.0691380811147897 0.581709132937436 178.4185543900959 4.805521086129351 1.350560933318798 3.7328826792824503 2.730464659955489
2.0691380811147897 0.7127564834438914 187.24491452050822 4.810590750139861 1.3598844552425176 3.1956651258672633 3.2594321355368088
2.0691380811147897 0.8733261623828434 211.14562921332868 4.770348984171381 1.3867418285255484 2.9372718150831862 3.8069919463076225
2.0691380811147897 1.070068955693175 266.08620152338943 4.365315740430381 1.383735606492606 3.0153358031632767 4.038024747700228
2.0691380811147897 1.3111339374215647 319.874887148573 4.371240972276626 1.3859056036953348 2.955864691026216 4.136000036482725
2.0691380811147897 1.6065060038537289 392.191168439884 4.371141386157855 1.3858707286168546 2.9559260953454087 4.148991467585935
2.0691380811147897 1.9684194472866114 485.97150526867307 4.2556117298433485 1.438929950462604 2.987693354920385 4.223711680144525
2.0691380811147897 2.4118646996409967 601.346670270999 4.276873020583473 1.435317706395048 3.0158779087478513 4.397980410458864
2.0691380811147897 2.9552092352028865 752.1007617562512 4.2847110256210685 1.437766060516902 3.0771777542137437 4.5515002116548136
2.0691380811147897 3.6209583502459175 933.6168386171262 4.1857250640437 1.4900181170926277 3.116541477154015 4.6062514978741165
2.0691380811147897 4.436687330978611 1153.8380050102785 4.288820944493811 1.489743887259411 3.142674411417076 4.685297216140975
2.0691380811147897 5.436183620153836 1417.400270762052 4.339061686534773 1.4873991436867018 3.150056871525986 4.696309102153405
2.0691380811147897 6.6608462908091575 1739.8296790486424 4.378404239775943 1.4807333305348225 3.1550981039443924 4.935955015983973
2.0691380811147897 8.161400793251827 2131.0544883207886 4.432483493313095 1.4777580992216692 3.1535527222245276 4.945942361675211
2.0691380811147897 10.0 2622.186424290852 4.479159615023995 1.470559839490126 3.1664732657396852 4.970937200983329
2.636650898730358 0.01 0.22661000320386715 15.812694126326468 0.35340563869235014 1.6143764823458482 0.960603327934846
2.636650898730358 0.012252798573828647 0.4202423922549867 15.812694126326468 0.35340563869235014 1.6143764823458482 0.960603327934846
2.636650898730358 0.015013107289081734 0.6649253886534245 15.812694126326468 0.35340563869235014 1.6143764823458482 0.960603327934846
2.636650898730358 0.018395257958039715 1.055054996443876 15.812605898806 0.36224282889986675 1.6541179104507509 0.9606053576509994
2.636650898730358 0.022539339047347905 1.1798467983301009 15.505516821023019 0.3787442434771332 1.429088195293306 1.0192371222489731
2.636650898730358 0.02761699813343848 2.0174783005806893 10.872956219855027 0.4667584041748156 1.5056931092769785 1.8948048553266954
2.636650898730358 0.03383855153428234 2.6809328428661967 10.950652710531875 0.4607974380100752 1.503117835938785 1.9547416840725
2.636650898730358 0.04146169559796818 3.4797715517612477 11.018965510336091 0.4607935214058747 1.503123829697417 2.040296527999942
2.636650898730358 0.05080218046913021 4.1590200609790795 11.27552818669637 0.4616215760727303 1.4242356668655094 2.1015723034296125
2.636650898730358 0.06224688843995442 5.252584298910924 11.337185485235931 0.4565711785757046 1.434250651586002 2.1918780150362425
2.636650898730358 0.07626985859023445 6.026882033093132 11.641624547761827 0.4594938452058822 1.405262597295073 2.2129036137193134
2.636650898730358 0.09345192145605373 7.615523589075583 13.660309351312282 0.467731954054161 1.9830889004180927 1.386313566897829
2.636650898730358 0.1145047569938282 23.282614166359792 8.225955573582397 0.7497630710189696 3.482117429239157 1.1067802108034797
2.636650898730358 0.14030037231905734 27.95598407905208 7.905286393563505 0.7915866352254688 3.3366817530935435 1.131907461806594
2.636650898730358 0.1719072201858574 35.35555651029133 7.831310785177411 0.8027123956878203 3.3837317719579527 1.1230832477148835
2.636650898730358 0.21063445423241212 45.25340366792691 8.16207939847862 0.836541675128619 3.473455985684049 1.0914956514309355
2.636650898730358 0.2580861540418075 56.27856959478645 8.162053036131589 0.8770679373579287 3.473447519140224 1.091498197280054
2.636650898730358 0.31622776601683794 69.56415361767701 8.159738712486018 0.8990466775480574 3.472314670603917 1.0924191434893613
2.636650898730358 0.38746751204561314 79.39833552063031 8.171309084636366 0.9179297810266696 3.2223768019394683 1.157207610918733
2.636650898730358 0.47475613789974225 95.68856207806614 8.246651720919353 0.9161712856458516 3.156020901279852 1.2883018917290523
2.636650898730358 0.581709132937436 114.58139975380027 7.938346249536298 0.9503940755017103 3.0774118472380647 1.336684356873154
2.636650898730358 0.7127564834438914 144.0749146144844 8.137189034047804 0.974046075243099 3.154107189718309 1.2701609973518107
2.636650898730358 0.8733261623828434 176.9454024488688 8.162470499449306 0.9740459591277585 3.154140428019058 1.3297194477683931
2.636650898730358 1.070068955693175 222.927828564445 8.16209315364179 0.9983626102423669 3.2328140213608005 1.3298116558919304
2.636650898730358 1.3111339374215647 271.2817220649364 8.509905325197352 1.0087361388791902 3.2042534808608703 1.305603419233508
2.636650898730358 1.6065060038537289 332.87893854661525 8.721372187670427 1.0339041120864338 3.2046210040973238 1.3056713112699023
2.636650898730358 1.9684194472866114 323.2245447009119 8.451570250830448 1.0499577151560608 2.5401058094741287 1.5829657604824483
2.636650898730358 2.4118646996409967 406.07373332607443 8.669199649023707 0.9990968656871204 2.6016432565926326 1.6213452594163016
2.636650898730358 2.9552092352028865 501.3516230436756 8.74541503137632 0.9948185715149803 2.619532683819944 1.6349102513322924
2.636650898730358 3.6209583502459175 690.1277974072151 9.871294316311257 1.021452108643833 2.936564122013178 9.77899791736336
2.636650898730358 4.436687330978611 864.3970740660092 10.148386426455389 1.0214588352751366 3.0008548472351153 9.779116668009475
2.636650898730358 5.436183620153836 1134.753621782834 11.885149346560045 0.9660768247970468 3.214096502695253 9.1842065336226
2.636650898730358 6.6608462908091575 1442.850782696269 12.033806821437222 0.9781423838593213 3.334566080284253 8.954532832716605
2.636650898730358 8.161400793251827 1927.7637408318144 9.73902877097251 1.1023948182004957 3.63506359438787 10.48563199974637
2.636650898730358 10.0 2421.4529231907973 9.982528361202922 1.1299557138966363 3.725926262985384 10.747322531214387
3.3598182862837818 0.01 -0.05081258784077536 15.812694126326468 0.35340563869235014 1.6143764823458482 0.960603327934846
3.3598182862837818 0.012252798573828647 0.08922885022905791 15.812694126326468 0.35340563869235014 1.6143764823458482 0.960603327934846
3.3598182862837818 0.015013107289081734 0.2687120155109747 15.812694126326468 0.35340563869235014 1.6143764823458482 0.960603327934846
3.3598182862837818 0.018395257958039715 0.4969336055074043 15.812694126326468 0.35340563869235014 1.6143764823458482 0.960603327934846
3.3598182862837818 0.022539339047347905 0.7853061054143413 15.812694126326468 0.35340563869235014 1.6143764823458482 0.960603327934846
3.3598182862837818 0.02761699813343848 1.313672727375613 15.808871583670928 0.36204448512528886 1.6544719133371684 0.9609282329427706
3.3598182862837818 0.03383855153428234 1.8989229088049941 24.099763605405954 0.3166987215008237 1.5782399630980537 1.6565138870720304
3.3598182862837818 0.04146169559796818 1.6546417499686301 29.01608573383188 0.2994230446680418 1.206716138268508 1.6900560975423746
3.3598182862837818 0.05080218046913021 1.4610750218918873 35.35587959581205 0.28415087009053835 0.9149411580064132 2.3177885701842333
3.3598182862837818 0.06224688843995442 2.118937138185211 47.402229984872804 0.25676531905352495 0.8943252948992546 4.217286339364534
3.3598182862837818 0.07626985859023445 2.8213514739491745 47.40092785900207 0.25677207952961645 0.8950187625232696 4.217234470702499
3.3598182862837818 0.09345192145605373 5.747729939740601 43.72073112128035 0.26746147331402204 1.3716842277915375 3.573777630745189
3.3598182862837818 0.1145047569938282 5.794360912898326 33.572558601461765 0.3148779387800439 1.6835440965585358 0.735429227378976
3.3598182862837818 0.14030037231905734 9.22662151382647 40.84711650423537 0.3079867521292292 2.204463904084567 0.4037354375990778
3.3598182862837818 0.1719072201858574 12.734660982540507 41.549780662310525 0.3123287054074881 2.10128610421063 0.41694468891833814
3.3598182862837818 0.21063445423241212 17.584251427668796 41.54994539099934 0.31964890592255335 2.1013017800637397 0.41756462460811883
3.3598182862837818 0.2580861540418075 23.61758215285983 43.170232314477296 0.32117016218176564 2.1308784623293 0.42340718697315294
3.3598182862837818 0.31622776601683794 31.486461302702903 43.23744290022809 0.3211725123651466 2.2107858950480974 0.42340202191988313
3.3598182862837818 0.38746751204561314 40.542746342652705 43.237697825319266 0.32117488114359416 2.2591286313149257 0.43398157331569354
3.3598182862837818 0.47475613789974225 51.16604515491643 43.37030143361417 0.3292228901038601 2.2588889845359703 0.4421421250530384
3.3598182862837818 0.581709132937436 55.52719337775117 51.46251110152042 0.3181879706552876 1.985520452491777 0.4701608484996612
3.3598182862837818 0.7127564834438914 42.96665444505 58.48475240411342 0.3239681738026318 1.2973422248031656 0.5324279295780854
3.3598182862837818 0.8733261623828434 47.52027538772491 54.35597544065907 0.3410827463603736 1.1567983365568586 0.5514247490133302
3.3598182862837818 1.070068955693175 41.45838493724356 54.164004421634104 0.3592577163297097 0.8347064395941732 0.934363581633376
3.3598182862837818 1.3111339374215647 35.29854954402158 54.8751635967206 0.38264131655742717 0.590337363692176 1.2870686192115137
3.3598182862837818 1.6065060038537289 50.556678669163375 41.218618456741524 0.45410699866698523 0.6566254609524256 1.7640151645814406
3.3598182862837818 1.9684194472866114 74.19171046610444 28.655841868254853 0.5527649709690801 0.7649231910939922 1.8439807393751528
3.3598182862837818 2.4118646996409967 181.12897228026915 40.23089622641464 0.48408589121342993 1.4982265487524513 0.9242803065379748
3.3598182862837818 2.9552092352028865 386.43144876214467 31.242155596826635 0.5488066543598962 2.579202533799756 0.9491307840787759
3.3598182862837818 3.6209583502459175 505.6526526787527 34.68253383027967 0.5665792580790252 2.7442559882088453 9.905863928140821
3.3598182862837818 4.436687330978611 661.9085882598122 42.57198383255668 0.5440562126999473 2.929857390651218 11.319221176094032
3.3598182862837818 5.436183620153836 789.8381395923756 40.64008956420395 0.5646739000559451 2.8524058511930956 12.45770943867942
3.3598182862837818 6.6608462908091575 1075.8857816865275 41.96771112713297 0.5826263456009277 3.1695154885834036 13.6695602297334
3.3598182862837818 8.161400793251827 1357.7492160079835 41.83671468405305 0.5853571636816267 3.263614648610023 13.861708437809988
3.3598182862837818 10.0 1745.4773418643042 37.99101777752742 0.6400064177414657 3.4234430984695248 13.313296042557244
4.281332398719393 0.01 -0.2828058172449789 15.812694126326468 0.35340563869235014 1.6143764823458482 0.960603327934846
4.281332398719393 0.012252798573828647 -0.18556462339517976 15.812694126326468 0.35340563869235014 1.6143764823458482 0.960603327934846
4.281332398719393 0.015013107289081734 -0.05803066341371077 15.812694126326468 0.35340563869235014 1.6143764823458482 0.960603327934846
4.281332398719393 0.018395257958039715 0.10705737475056853 15.812694126326468 0.35340563869235014 1.6143764823458482 0.960603327934846
4.281332398719393 0.022539339047347905 0.31861939812170603 15.812694126326468 0.35340563869235014 1.6143764823458482 0.960603327934846
4.281332398719393 0.02761699813343848 0.5876087430285584 15.812694126326468 0.35340563869235014 1.6143764823458482 0.960603327934846
4.281332398719393 0.03383855153428234 0.984813560143948 16.405583970423763 0.35782495594895536 1.634549957843765 0.9725943699147833
4.281332398719393 0.04146169559796818 1.6193024949490602 16.76452222631118 0.35558686143750223 1.6499515703934688 0.9634462328301375
4.281332398719393 0.05080218046913021 1.1662065778153266 19.678371222265042 0.3636486081022423 1.1267299887954088 1.743549056046429
4.281332398719393 0.06224688843995442 1.5574312292733354 18.639528001753348 0.3805229035319077 1.0477409340403487 1.9124415243437416
4.281332398719393 0.07626985859023445 2.6462175506922225 18.18452494752271 0.4027582235983236 1.1141351128543837 4.118658796468329
4.281332398719393 0.09345192145605373 2.682651638991569 13.515780195481533 0.4873964904069171 0.911678937900658 5.624070424077644
4.281332398719393 0.1145047569938282 2.8691615225370586 14.265942108157462 0.4957687935359058 0.7728749932741328 8.208115240770354
4.281332398719393 0.14030037231905734 2.9718328789413597 13.493829513772347 0.5328525846963834 0.6422598141086309 11.704461172666
4.281332398719393 0.1719072201858574 4.646261651457569 10.523003671226327 0.6107216753070909 0.7432336225629671 20.183286162504807
4.281332398719393 0.21063445423241212 6.294914370805612 9.865563163320383 0.6214338180622894 0.8546575155815275 18.374820555345153
4.281332398719393 0.2580861540418075 7.400062284834633 8.389977392343217 0.7060674478541842 0.9406431324764646 17.569544752482642
4.281332398719393 0.31622776601683794 7.910800476870898 8.595831707549175 0.7378447391976668 0.8930352470099473 17.93310943349385
4.281332398719393 0.38746751204561314 9.434227273603975 8.905480149058764 0.7701547355106906 0.8669385604799197 17.54711767899235
4.281332398719393 0.47475613789974225 11.785449203756967 8.873815306059988 0.8120629966133777 0.8172224747369976 17.98973503314575
4.281332398719393 0.581709132937436 17.988648373685784 10.4667655460782 0.8682638464977641 0.9024094003862426 12.886265793447748
4.281332398719393 0.7127564834438914 23.0796576822499 10.466913581722029 0.9008151935491053 0.9024022028441545 12.88627019639596
4.281332398719393 0.8733261623828434 24.89089089528624 11.162216631962467 0.9340721209007684 0.7869703355480567 13.471360417828066
4.281332398719393 1.070068955693175 31.002073963751496 10.807089582373818 0.968630932478437 0.7815135009556533 13.315218803737906
4.281332398719393 1.3111339374215647 38.686182850261375 11.22828667303304 1.033170960270531 0.7860268081973207 11.309646701232811
4.281332398719393 1.6065060038537289 48.20681363516847 11.513723501672198 1.0310274884230886 0.7856767016975311 11.396639031158132
4.281332398719393 1.9684194472866114 61.47115228278161 10.939960709976937 1.0568026790129614 0.8052756948645332 11.682164779962058
4.281332398719393 2.4118646996409967 75.96482690274735 11.47958581583083 1.0566823265840246 0.8057470669159708 11.68272096998615
4.281332398719393 2.9552092352028865 94.88525859840468 11.49977352626057 1.0840750213909112 0.8170995981505158 11.691982984704834
4.281332398719393 3.6209583502459175 115.94482874847286 12.019996802254273 1.070343071128303 0.811875233220288 15.49532243830689
4.281332398719393 4.436687330978611 234.6445527748997 16.463401976863636 0.8855007412908606 1.3323161454037828 7.436782260028746
4.281332398719393 5.436183620153836 403.6956930987469 10.501661192728374 1.1705962365098928 1.861292646346251 16.206954420988204
4.281332398719393 6.6608462908091575 522.6566264753382 9.945475566345847 1.2008467660157613 1.9652777026503432 16.089243383201044
4.281332398719393 8.161400793251827 781.8790065706619 10.677735318110013 1.201005083810866 2.397027885662132 18.358996725517397
4.281332398719393 10.0 958.3830829671056 10.67762470480693 1.201094266061696 2.397211117636611 18.356777526537883
5.455594781168519 0.01 -0.48004013549864266 15.812694126326468 0.35340563869235014 1.6143764823458482 0.960603327934846
5.455594781168519 0.012252798573828647 -0.41717756040504284 15.812694126326468 0.35340563869235014 1.6143764823458482 0.960603327934846
5.455594781168519 0.015013107289081734 -0.33124315654885317 15.812694126326468 0.35340563869235014 1.6143764823458482 0.960603327934846
5.455594781168519 0.018395257958039715 -0.2165750475502084 15.812694126326468 0.35340563869235014 1.6143764823458482 0.960603327934846
5.455594781168519 0.022539339047347905 -0.06621166045181615 15.812694126326468 0.35340563869235014 1.6143764823458482 0.960603327934846
5.455594781168519 0.02761699813343848 0.12840233013873892 15.812694126326468 0.35340563869235014 1.6143764823458482 0.960603327934846
5.455594781168519 0.03383855153428234 0.3777763684406217 15.812694126326468 0.35340563869235014 1.6143764823458482 0.960603327934846
5.455594781168519 0.04146169559796818 0.6948156362747373 15.812694126326468 0.35340563869235014 1.6143764823458482 0.960603327934846
5.455594781168519 0.05080218046913021 1.2115596380743525 15.813986266518075 0.3534076905639178 1.6143718162704583 1.0026345058451103
5.455594781168519 0.06224688843995442 1.6913564554579426 11.208106868025595 0.43065851126238375 1.5097519950485072 1.134520708636332
5.455594781168519 0.07626985859023445 2.47456797652546 11.63528596554382 0.430902964640969 1.510608970973431 1.1475769757025784
5.455594781168519 0.09345192145605373 3.148353852797411 11.864523045274542 0.4433059167119443 1.4373654488954886 1.180610816000307
5.455594781168519 0.1145047569938282 4.0799806714771565 12.534713239871287 0.43936749575431255 1.4110777479824872 1.200120256755719
5.455594781168519 0.14030037231905734 5.121556365590748 12.859141943220468 0.443416434203989 1.472247134726928 1.1966848701312687
5.455594781168519 0.1719072201858574 4.3277316440444515 7.30315829493781 0.6833355536563941 2.2290747004631366 0.7549175716443955
5.455594781168519 0.21063445423241212 15.523907120519848 6.764401537604027 0.801043861690082 3.318736231994933 0.43119816539985883
5.455594781168519 0.2580861540418075 21.79677271571732 6.81844318131096 0.7998836564871976 3.3900444637848963 0.4359346441768213
5.455594781168519 0.31622776601683794 30.305288817496713 7.809856363650056 0.7728583698313751 3.571527610649719 0.4410748075060421
5.455594781168519 0.38746751204561314 38.62874197624975 7.859441349425428 0.7776742955519326 3.593580844818873 0.4603498736962277
5.455594781168519 0.47475613789974225 51.667024997651325 7.8717342078211505 0.7776599293026665 3.7506180492679793 0.4617929791715242
5.455594781168519 0.581709132937436 64.8123707002172 7.871788826546798 0.777660766664962 3.7506178778773624 0.4617945809072831
5.455594781168519 0.7127564834438914 80.56498446381309 7.96961543371595 0.7777679713007163 3.750191391515344 0.4791658736207771
5.455594781168519 0.8733261623828434 94.51146304983679 8.18360309974305 0.7987172669033527 3.5659131546443423 0.49203134453253994
5.455594781168519 1.070068955693175 120.52828066141342 8.259887193106284 0.8111726475463652 3.688711873652449 0.4828451848832045
5.455594781168519 1.3111339374215647 148.0694277786001 8.258198040428967 0.8516418364757646 3.689708305205653 0.48298961433112064
5.455594781168519 1.6065060038537289 181.0076042940014 8.516427392072341 0.8782445980959634 3.6667053362908684 0.4648705024488914
5.455594781168519 1.9684194472866114 148.20379469910407 8.99342652589624 0.8558914781635423 2.46569511733229 0.5082729433692554
5.455594781168519 2.4118646996409967 174.82602178539176 8.99394431367776 0.8559387020933895 2.3659187488859157 0.508407464557014
5.455594781168519 2.9552092352028865 215.49929202545587 8.99393514669512 0.8559334676545629 2.3659243755738055 0.5211182420881428
5.455594781168519 3.6209583502459175 266.0707241268046 9.017479781615766 0.8551153024322962 2.372200577186062 0.5314640849987087
5.455594781168519 4.436687330978611 326.99872542169277 9.468280266385989 0.8550942014941267 2.3722347794184397 0.5314743811060243
5.455594781168519 5.436183620153836 403.7258906592735 9.463051317173715 0.8499538118839753 2.3855361038492218 0.5576120136472424
5.455594781168519 6.6608462908091575 488.38257527735067 9.648188413255422 0.8469724927627702 2.3520746227065987 0.5714575457289841
5.455594781168519 8.161400793251827 476.1709053274595 10.6154494454846 0.8622514011261864 1.8646120698102306 8.768197834562303
5.455594781168519 10.0 624.2827586733227 9.113389573985962 0.9801898596343739 1.9928814041016785 11.400022411853648
6.951927961775605 0.01 -0.6509450208934756 15.812694126326468 0.35340563869235014 1.6143764823458482 0.960603327934846
6.951927961775605 0.012252798573828647 -0.615901503343832 15.812694126326468 0.35340563869235014 1.6143764823458482 0.960603327934846
6.951927961775605 0.015013107289081734 -0.5634966321787309 15.812694126326468 0.35340563869235014 1.6143764823458482 0.960603327934846
6.951927961775605 0.018395257958039715 -0.4893259848493927 15.812694126326468 0.35340563869235014 1.6143764823458482 0.960603327934846
6.951927961775605 0.022539339047347905 -0.3879672101603816 15.812694126326468 0.35340563869235014 1.6143764823458482 0.960603327934846
6.951927961775605 0.02761699813343848 -0.25274937031683264 15.812694126326468 0.35340563869235014 1.6143764823458482 0.960603327934846
6.951927961775605 0.03383855153428234 -0.07547025060632917 15.812694126326468 0.35340563869235014 1.6143764823458482 0.960603327934846
6.951927961775605 0.04146169559796818 0.15395008876398508 15.812694126326468 0.35340563869235014 1.6143764823458482 0.960603327934846
6.951927961775605 0.05080218046913021 0.4478938858582271 15.812694126326468 0.35340563869235014 1.6143764823458482 0.960603327934846
6.951927961775605 0.06224688843995442 0.8215659792499612 15.812694126326468 0.35340563869235014 1.6143764823458482 0.960603327934846
6.951927961775605 0.07626985859023445 1.2127947384111621 14.596827875781031 0.371167802322641 1.495181039512028 0.9637447226435604
6.951927961775605 0.09345192145605373 1.3721893869782518 10.36007270279304 0.45293541014688854 1.2785633743038956 1.0823622994727282
6.951927961775605 0.1145047569938282 2.0405355273658463 11.059827508822032 0.4481300521478391 1.2338568306341302 1.1593560073818119
6.951927961775605 0.14030037231905734 3.067533554896957 11.059891117695237 0.4481209471680051 1.2608650096707623 1.1919529137100278
6.951927961775605 0.1719072201858574 4.153893546096774 11.61245078556459 0.44810350547931843 1.260972306195663 1.192022446361729
6.951927961775605 0.21063445423241212 4.881876672318627 11.857354950054637 0.4575390222888519 1.2934549359699972 1.1454484138260272
6.951927961775605 0.2580861540418075 27.39811613755144 6.011450391305868 1.06754692151585 5.051077313132968 0.7834236759252082
6.951927961775605 0.31622776601683794 35.41655262688235 6.126534530045254 1.113041527863339 5.140097326938998 0.7741191594428025
6.951927961775605 0.38746751204561314 43.0090120361474 6.3312275850389 1.146696076397182 4.967826994316005 0.7803914626165417
6.951927961775605 0.47475613789974225 53.18315961952112 6.510662040311358 1.1784606936615818 4.870240622108128 0.7964764445015882
6.951927961775605 0.581709132937436 65.20767328229789 6.770255846819159 1.2052962711810964 4.784816907860682 0.7678187970587508
6.951927961775605 0.7127564834438914 76.158420589043 6.364828585682314 1.230055936562199 4.5173757387767814 0.8098185346550892
6.951927961775605 0.8733261623828434 85.16180975076695 6.453605899059401 1.2571867618197172 4.102131765897919 0.8591534118538997
6.951927961775605 1.070068955693175 105.07824839106259 6.776216243641769 1.2570919060050132 4.1020910377946205 0.8592406601823332
6.951927961775605 1.3111339374215647 129.14113791939997 6.779609927160512 1.319226098023536 4.100530405884942 0.8594263610640298
6.951927961775605 1.6065060038537289 158.62676035652143 6.9477528205398436 1.3192225706810712 4.100549642453539 0.8595520980381778
6.951927961775605 1.9684194472866114 221.79961713069514 7.609522762262082 1.3538165823848938 4.621831910056862 2.8970232498269772
6.951927961775605 2.4118646996409967 230.13140836059333 11.705491616789597 1.1342151890869085 3.912024833751526 3.2143616420187557
6.951927961775605 2.9552092352028865 292.8769933531276 8.676955337197484 1.378542483672184 4.046474627577878 5.641001111227547
6.951927961775605 3.6209583502459175 314.92670547396773 10.352865259451772 1.3860111150673442 3.5475290216642152 8.693683537872323
6.951927961775605 4.436687330978611 425.217138158226 9.785564677108509 1.3931341998358573 3.9027623698682103 10.267272090191522
6.951927961775605 5.436183620153836 499.0398473007532 9.811835965731593 1.4161902549226226 3.7357658156684175 12.384681116097662
6.951927961775605 6.6608462908091575 706.2002313059855 9.381500748193428 1.4699519358147226 4.3102372372307265 12.874197529675975
6.951927961775605 8.161400793251827 896.8048882686688 10.312189901965588 1.4358317918632466 4.464876740004501 13.922677421370146
6.951927961775605 10.0 1233.792493120675 11.022644369526724 1.4433578170753858 5.010523269823841 14.192468552962112
8.858667904100825 0.01 -0.8021948081450055 15.812694126326468 0.35340563869235014 1.6143764823458482 0.960603327934846
8.858667904100825 0.012252798573828647 -0.7898751459085729 15.812694126326468 0.35340563869235014 1.6143764823458482 0.960603327934846
8.858667904100825 0.015013107289081734 -0.7647219892916463 15.812694126326468 0.35340563869235014 1.6143764823458482 0.960603327934846
8.858667904100825 0.018395257958039715 -0.7233201383907127 15.812694126326468 0.35340563869235014 1.6143764823458482 0.960603327934846
8.858667904100825 0.022539339047347905 -0.6614577111086389 15.812694126326468 0.35340563869235014 1.6143764823458482 0.960603327934846
8.858667904100825 0.02761699813343848 -0.5739452439185845 15.812694126326468 0.35340563869235014 1.6143764823458482 0.960603327934846
8.858667904100825 0.03383855153428234 -0.4543939655404958 15.812694126326468 0.35340563869235014 1.6143764823458482 0.960603327934846
8.858667904100825 0.04146169559796818 -0.29494404214707015 15.812694126326468 0.35340563869235014 1.6143764823458482 0.960603327934846
8.858667904100825 0.05080218046913021 -0.08593151962855505 15.812694126326468 0.35340563869235014 1.6143764823458482 0.960603327934846
8.858667904100825 0.06224688843995442 0.18451985167713714 15.812694126326468 0.35340563869235014 1.6143764823458482 0.960603327934846
8.858667904100825 0.07626985859023445 0.5309988367549665 15.812694126326468 0.35340563869235014 1.6143764823458482 0.960603327934846
8.858667904100825 0.09345192145605373 1.105998229843154 15.985479834801792 0.36666134826021174 1.6156322432864267 0.9606039210733017
8.858667904100825 0.1145047569938282 1.409120129483818 15.87933358793044 0.37113971389889744 1.4346237924625322 1.026844691175028
8.858667904100825 0.14030037231905734 1.1462725003958343 14.177047715061647 0.4073378485572716 1.103199648566144 1.2095289120679915
8.858667904100825 0.1719072201858574 2.2357178398778252 13.831098513120079 0.4189334934706411 1.121222150729946 1.869759231742256
8.858667904100825 0.21063445423241212 2.8497107024068273 12.07890434923848 0.44972611091246184 1.0440478688352872 2.032942692134076
8.858667904100825 0.2580861540418075 4.078891677913907 12.214713357109874 0.4499248847113515 1.0714503276088698 2.033389313892319
8.858667904100825 0.31622776601683794 4.885558483283994 12.743138929978697 0.4506509777718719 1.227615777868405 1.9179170664006822
8.858667904100825 0.38746751204561314 4.084600145727457 12.843914230603865 0.4293664080737953 1.2880499469927895 1.9140353941925654
8.858667904100825 0.47475613789974225 2.8010215684023 13.31926523744051 0.44629134545843663 1.2477564232291871 1.9137541869781372
8.858667904100825 0.581709132937436 2.4750635426919114 14.068964320109423 0.47138528624290643 1.2008703906645202 1.758467919074021
8.858667904100825 0.7127564834438914 4.152690547018544 14.816228648237587 0.49642612354406446 1.1107650808926284 1.76406073289045
8.858667904100825 0.8733261623828434 8.851044170118723 15.464085425916805 0.5057377606374197 1.0968567494148624 1.7311230431171087
8.858667904100825 1.070068955693175 20.504224357152395 13.382062062076606 0.6169288130850838 1.3600121891005656 1.274084564880468
8.858667904100825 1.3111339374215647 27.516964334941534 13.407951898859654 0.6289734795980056 1.3653018915442074 1.2729687894409465
8.858667904100825 1.6065060038537289 36.552751016424516 13.366618825225867 0.6299419580437224 1.401540223650468 1.3028350880715744
8.858667904100825 1.9684194472866114 46.90674011008976 13.6031740680402 0.6396277689452643 1.3938220022321 1.2874493171515877
8.858667904100825 2.4118646996409967 59.811193921263865 14.28249695334637 0.6395756219570965 1.3938699272615933 1.2874990512388087
8.858667904100825 2.9552092352028865 75.03595403003537 14.8212258535515 0.6394694042474633 1.393921223035277 1.3034545399936803
8.858667904100825 3.6209583502459175 81.72335407181856 12.846303229162281 0.7063765768988012 1.2304755819625868 1.5386395478687964
8.858667904100825 4.436687330978611 175.78916391052903 12.016643948464033 0.7444899039215136 2.0956701750866986 2.3403862111184432
8.858667904100825 5.436183620153836 268.71700065373636 10.361118933996462 0.7954543768394751 2.5855947948630096 2.550877037562331
8.858667904100825 6.6608462908091575 308.85922544658195 13.393493021010961 0.7274091742947215 2.4186691337523136 3.821657396685687
8.858667904100825 8.161400793251827 353.0938047186028 14.854004483978986 0.6632942425193671 2.2534650429317526 4.563473657225366
8.858667904100825 10.0 433.4087399291489 14.846825930006425 0.6788853352584852 2.254521788210399 4.67041218879068
11.28837891684689 0.01 -0.9390901647418041 15.812694126326468 0.35340563869235014 1.6143764823458482 0.960603327934846
11.28837891684689 0.012252798573828647 -0.945551604137526 15.812694126326468 0.35340563869235014 1.6143764823458482 0.960603327934846
11.28837891684689 0.015013107289081734 -0.9427822439464469 15.812694126326468 0.35340563869235014 1.6143764823458482 0.960603327934846
11.28837891684689 0.018395257958039715 -0.9281457611858193 15.812694126326468 0.35340563869235014 1.6143764823458482 0.960603327934846
11.28837891684689 0.022539339047347905 -0.8983829101864241 15.812694126326468 0.35340563869235014 1.6143764823458482 0.960603327934846
11.28837891684689 0.02761699813343848 -0.8494696789951773 15.812694126326468 0.35340563869235014 1.6143764823458482 0.960603327934846
11.28837891684689 0.03383855153428234 -0.7764434125080768 15.812694126326468 0.35340563869235014 1.6143764823458482 0.960603327934846
11.28837891684689 0.04146169559796818 -0.6731896817791085 15.812694126326468 0.35340563869235014 1.6143764823458482 0.960603327934846
11.28837891684689 0.05080218046913021 -0.532181052091433 15.812694126326468 0.35340563869235014 1.6143764823458482 0.960603327934846
11.28837891684689 0.06224688843995442 -0.34415690900810625 15.812694126326468 0.35340563869235014 1.6143764823458482 0.960603327934846
11.28837891684689 0.07626985859023445 -0.09773105917289926 15.812694126326468 0.35340563869235014 1.6143764823458482 0.960603327934846
11.28837891684689 0.09345192145605373 0.22108917006128115 15.812694126326468 0.35340563869235014 1.6143764823458482 0.960603327934846
11.28837891684689 0.1145047569938282 0.629492274998384 15.812694126326468 0.35340563869235014 1.6143764823458482 0.960603327934846
11.28837891684689 0.14030037231905734 1.4384478885851992 16.208001363394125 0.3534035979909403 1.6143992356066956 0.9845973974060469
11.28837891684689 0.1719072201858574 1.3052521039853886 18.488084452692384 0.3463070155776463 1.2818379462871272 1.1604169188106697
11.28837891684689 0.21063445423241212 2.1486184359006697 20.50708881285056 0.3673252553640274 1.169680146401734 2.5771331674483227
11.28837891684689 0.2580861540418075 2.8053218876647437 19.49447590281909 0.3517542809879798 1.1007918250522324 2.7943642428078936
11.28837891684689 0.31622776601683794 4.553008118448483 19.675070460356686 0.3682047873444851 1.1767218800993333 6.022345102491979
11.28837891684689 0.38746751204561314 5.150998327641632 19.675119885242975 0.3682020787425765 1.191402993572474 6.248281912565469
11.28837891684689 0.47475613789974225 5.116035661029759 22.54391185972231 0.3920305601089061 1.2720376749351239 6.139511016301414
11.28837891684689 0.581709132937436 4.380601070606287 22.72382545014648 0.4187769751696515 1.206992230750525 6.0407162129442895
11.28837891684689 0.7127564834438914 3.8653925602964208 23.59856173953939 0.44101497320635485 1.1424696135040944 6.1210361634836
11.28837891684689 0.8733261623828434 5.258897153548185 24.66778546899804 0.45738487705070274 1.1156040586044869 5.909684657270919
11.28837891684689 1.070068955693175 7.4831229666307255 25.631179421411808 0.4752487900613718 1.017969620846185 6.029971343332352
11.28837891684689 1.3111339374215647 11.237285648278421 26.752802769992584 0.4841639345003823 0.9671258298171377 6.142565791479965
11.28837891684689 1.6065060038537289 16.247049871829628 27.95620374153414 0.4979037102660173 0.9615746639604609 5.711656245700487
11.28837891684689 1.9684194472866114 19.570903590824543 28.831542695114887 0.5219408092904106 0.8817489698879071 5.8800547654472
11.28837891684689 2.4118646996409967 25.422446637212175 29.57229922614625 0.5414612589098514 0.865542399417758 5.7587105430582834
11.28837891684689 2.9552092352028865 28.76721453322129 30.682067026203498 0.5617798843298433 0.778989892585454 5.974535316376992
11.28837891684689 3.6209583502459175 35.25171850975801 31.12428465259213 0.5906900731274995 0.7530151810787008 6.05377912268789
11.28837891684689 4.436687330978611 41.68332420599649 32.32409323701122 0.5975822977492534 0.7064276658826318 6.24838881588161
11.28837891684689 5.436183620153836 56.048481226081634 31.739270550362697 0.6089139438363045 0.7368081575307166 6.366874102485481
11.28837891684689 6.6608462908091575 73.2100730582661 32.13577457969249 0.5936945052936979 0.7644402151698979 6.446454183190779
11.28837891684689 8.161400793251827 90.9385129700585 32.89425732650534 0.6088660169584412 0.7649035144732165 6.446933254243429
11.28837891684689 10.0 112.485074094477 32.945702554390905 0.6098064283947942 0.766150123405283 6.7590150884364615
14.38449888287663 0.01 -1.0658576893946115 15.812694126326468 0.35340563869235014 1.6143764823458482 0.960603327934846
14.38449888287663 0.012252798573828647 -1.0880653552543662 15.812694126326468 0.35340563869235014 1.6143764823458482 0.960603327934846
14.38449888287663 0.015013107289081734 -1.103921970969138 15.812694126326468 0.35340563869235014 1.6143764823458482 0.960603327934846
14.38449888287663 0.018395257958039715 -1.1114051804012837 15.812694126326468 0.35340563869235014 1.6143764823458482 0.960603327934846
14.38449888287663 0.022539339047347905 -1.108006206759483 15.812694126326468 0.35340563869235014 1.6143764823458482 0.960603327934846
14.38449888287663 0.02761699813343848 -1.0906186657294885 15.812694126326468 0.35340563869235014 1.6143764823458482 0.960603327934846
14.38449888287663 0.03383855153428234 -1.0554022467583308 15.812694126326468 0.35340563869235014 1.6143764823458482 0.960603327934846
14.38449888287663 0.04146169559796818 -0.9976155964328409 15.812694126326468 0.35340563869235014 1.6143764823458482 0.960603327934846
14.38449888287663 0.05080218046913021 -0.9114114612171699 15.812694126326468 0.35340563869235014 1.6143764823458482 0.960603327934846
14.38449888287663 0.06224688843995442 -0.7895855825165408 15.812694126326468 0.35340563869235014 1.6143764823458482 0.960603327934846
14.38449888287663 0.07626985859023445 -0.6232689203198385 15.812694126326468 0.35340563869235014 1.6143764823458482 0.960603327934846
14.38449888287663 0.09345192145605373 -0.40155043314874295 15.812694126326468 0.35340563869235014 1.6143764823458482 0.960603327934846
14.38449888287663 0.1145047569938282 -0.1110147644270505 15.812694126326468 0.35340563869235014 1.6143764823458482 0.960603327934846
14.38449888287663 0.14030037231905734 0.2648243405132096 15.812694126326468 0.35340563869235014 1.6143764823458482 0.960603327934846
14.38449888287663 0.1719072201858574 1.0164463449504568 15.936230799188392 0.3589276017969181 1.6572583576581599 0.960603327934846
14.38449888287663 0.21063445423241212 1.2308195644324416 15.167871636349865 0.38444921440230195 1.396435053600439 1.2459371655603317
14.38449888287663 0.2580861540418075 1.3227016493931543 16.217939319278184 0.3772435458985854 1.1898829668955875 1.2022711234514345
14.38449888287663 0.31622776601683794 4.227028032128246 15.566531311454366 0.3987912316791742 1.4925342730546776 3.4910759958850566
14.38449888287663 0.38746751204561314 4.7594290343538335 13.195952689660537 0.4505384022292185 1.5983459861283822 3.845944258632734
14.38449888287663 0.47475613789974225 4.546142090169771 13.76907469473697 0.4710005367693698 1.4868661603278528 3.9812907538866877
14.38449888287663 0.581709132937436 3.452703310403013 14.284498154143279 0.4886590961360301 1.4495829721494478 3.8327171229122605
14.38449888287663 0.7127564834438914 3.5132183440841604 13.426078700121716 0.5256864880664766 1.206856310352644 5.2123736889300565
14.38449888287663 0.8733261623828434 2.0617468425217194 13.810138387824324 0.5633975477011937 1.1566936665663041 4.764698190961347
14.38449888287663 1.070068955693175 2.5011471689133202 14.362698454974915 0.5794374048313304 1.1304822440260962 4.707014541426285
14.38449888287663 1.3111339374215647 5.3741526817052385 14.990970725334037 0.6047847891964953 1.0738794624105643 4.560348805329131
14.38449888287663 1.6065060038537289 15.494568631213884 18.602065249527826 0.6567050187322143 1.2470195427973305 4.484388129857708
14.38449888287663 1.9684194472866114 19.58014530681494 19.028647441254893 0.6893843376334658 1.1704790245387098 4.439073829222863
14.38449888287663 2.4118646996409967 26.266981993559373 20.611166691272484 0.746763235679609 1.1649316087662624 4.184467445285151
14.38449888287663 2.9552092352028865 32.94649781404383 20.569371949687934 0.7752770894418927 1.1374534369134186 4.247464225863805
14.38449888287663 3.6209583502459175 40.81154461965427 20.93423930898698 0.8178628058709562 1.1029478698330837 4.304619717348189
14.38449888287663 4.436687330978611 55.77173455405766 20.934239803038984 0.8178628629647773 1.1580952206487656 4.3046197461210545
14.38449888287663 5.436183620153836 70.27273374489315 20.93457902411714 0.8382833678456152 1.1580929464774514 4.412115500037138
14.38449888287663 6.6608462908091575 90.91037024337166 20.40315239740304 0.8495236162376023 1.2000412309485187 4.475852795941327
14.38449888287663 8.161400793251827 140.59861525046603 18.850752385847187 0.9270663421047618 1.4872417378495515 7.4395992226325465
14.38449888287663 10.0 170.60012574041428 19.464373082410326 0.9232016466076328 1.466952910501897 8.18568171477867
18.329807108324356 0.01 -1.1858852704221092 15.812694126326468 0.35340563869235014 1.6143764823458482 0.960603327934846
18.329807108324356 0.012252798573828647 -1.2215204548928258 15.812694126326468 0.35340563869235014 1.6143764823458482 0.960603327934846
18.329807108324356 0.015013107289081734 -1.2531202795725305 15.812694126326468 0.35340563869235014 1.6143764823458482 0.960603327934846
18.329807108324356 0.018395257958039715 -1.2791471112180952 15.812694126326468 0.35340563869235014 1.6143764823458482 0.960603327934846
18.329807108324356 0.022539339047347905 -1.2976841686943952 15.812694126326468 0.35340563869235014 1.6143764823458482 0.960603327934846
18.329807108324356 0.02761699813343848 -1.3063484021683205 15.812694126326468 0.35340563869235014 1.6143764823458482 0.960603327934846
18.329807108324356 0.03383855153428234 -1.302183656827947 15.812694126326468 0.35340563869235014 1.6143764823458482 0.960603327934846
18.329807108324356 0.04146169559796818 -1.2815296749948057 15.812694126326468 0.35340563869235014 1.6143764823458482 0.960603327934846
18.329807108324356 0.05080218046913021 -1.2398614886317914 15.812694126326468 0.35340563869235014 1.6143764823458482 0.960603327934846
18.329807108324356 0.06224688843995442 -1.1715925266712213 15.812694126326468 0.35340563869235014 1.6143764823458482 0.960603327934846
18.329807108324356 0.07626985859023445 -1.06983325744764 15.812694126326468 0.35340563869235014 1.6143764823458482 0.960603327934846
18.329807108324356 0.09345192145605373 -0.9260953435137582 15.812694126326468 0.35340563869235014 1.6143764823458482 0.960603327934846
18.329807108324356 0.1145047569938282 -0.729929027904834 15.812694126326468 0.35340563869235014 1.6143764823458482 0.960603327934846
18.329807108324356 0.14030037231905734 -0.4684787039584255 15.812694126326468 0.35340563869235014 1.6143764823458482 0.960603327934846
18.329807108324356 0.1719072201858574 -0.1259382304818386 15.812694126326468 0.35340563869235014 1.6143764823458482 0.960603327934846
18.329807108324356 0.21063445423241212 0.31711660004161146 15.812694126326468 0.35340563869235014 1.6143764823458482 0.960603327934846
18.329807108324356 0.2580861540418075 1.3767349864879423 15.788160900770919 0.3619644295106005 1.6558807216270148 0.961313508506576
18.329807108324356 0.31622776601683794 0.49610598619474233 28.260110035103004 0.28449098361397196 1.2028121042677622 0.8376495131989977
18.329807108324356 0.38746751204561314 1.255361396591129 22.15669538223505 0.33557173091945947 1.0655782406904795 1.506450750631874
18.329807108324356 0.47475613789974225 2.738938680686473 19.194802213842905 0.3809644873838288 1.0566261617571164 3.2709355306028964
18.329807108324356 0.581709132937436 4.40509627893058 16.201103595530974 0.422845434641989 1.2350875480359629 5.026444586534483
18.329807108324356 0.7127564834438914 4.208747512380167 16.49638653846133 0.4371538915117989 1.187289895005505 5.034585244746702
18.329807108324356 0.8733261623828434 3.3976755446412312 17.34850479590355 0.4581378371675445 1.1222887026291184 5.0144969355069335
18.329807108324356 1.070068955693175 1.7514243038638764 18.291931778558393 0.47329724272031914 1.0685954155040895 4.981244297188186
18.329807108324356 1.3111339374215647 0.13868151146349206 18.40510088060255 0.5087413808595401 1.0241364559375195 5.07313576888251
18.329807108324356 1.6065060038537289 1.5219163987474733 20.36104110724761 0.5390058826388748 1.0372114983283816 4.6540737001198975
18.329807108324356 1.9684194472866114 6.7619657072411545 20.78381111281923 0.5638432371997502 1.032743568807934 4.579396154452595
18.329807108324356 2.4118646996409967 10.818883061145387 21.078975642798852 0.5917556975065825 0.9794223789858912 4.488523597901656
18.329807108324356 2.9552092352028865 15.983480093958644 21.80465289430595 0.6213016742143456 0.9467215490274341 4.604495638537994
18.329807108324356 3.6209583502459175 19.81460566181767 23.395858595478607 0.63485963726292 0.8737947768105949 4.507950311559357
18.329807108324356 4.436687330978611 26.779543770034042 23.652973907109498 0.6596839590057202 0.866704872674035 4.507695690857232
18.329807108324356 5.436183620153836 30.691715912279072 24.11060498118414 0.7198327071174198 0.7825028428971234 4.659599441779208
18.329807108324356 6.6608462908091575 39.32731460430889 24.167632378186727 0.7521577033505044 0.7706044096127882 4.650428951263629
18.329807108324356 8.161400793251827 51.552434855902185 25.301288348637954 0.7544864139108023 0.770627820495458 4.650410450453343
18.329807108324356 10.0 65.8294188439704 25.30126484116972 0.7733489952179629 0.7706285231758248 4.650419896737375
23.357214690901223 0.01 -1.3019070464433187 15.812694126326468 0.35340563869235014 1.6143764823458482 0.960603327934846
23.357214690901223 0.012252798573828647 -1.349216992881473 15.812694126326468 0.35340563869235014 1.6143764823458482 0.960603327934846
23.357214690901223 0.015013107289081734 -1.3943681032369075 15.812694126326468 0.35340563869235014 1.6143764823458482 0.960603327934846
23.357214690901223 0.018395257958039715 -1.4362062232318915 15.812694126326468 0.35340563869235014 1.6143764823458482 0.960603327934846
23.357214690901223 0.022539339047347905 -1.4732823949559815 15.812694126326468 0.35340563869235014 1.6143764823458482 0.960603327934846
23.357214690901223 0.02761699813343848 -1.5037846305261933 15.812694126326468 0.35340563869235014 1.6143764823458482 0.960603327934846
23.357214690901223 0.03383855153428234 -1.5254542212608337 15.812694126326468 0.35340563869235014 1.6143764823458482 0.960603327934846
23.357214690901223 0.04146169559796818 -1.5354830936076094 15.812694126326468 0.35340563869235014 1.6143764823458482 0.960603327934846
23.357214690901223 0.05080218046913021 -1.5303879368629563 15.812694126326468 0.35340563869235014 1.6143764823458482 0.960603327934846
23.357214690901223 0.06224688843995442 -1.505855864386634 15.812694126326468 0.35340563869235014 1.6143764823458482 0.960603327934846
23.357214690901223 0.07626985859023445 -1.4565551896491815 15.812694126326468 0.35340563869235014 1.6143764823458482 0.960603327934846
23.357214690901223 0.09345192145605373 -1.3759034521557996 15.812694126326468 0.35340563869235014 1.6143764823458482 0.960603327934846
23.357214690901223 0.1145047569938282 -1.255783056159732 15.812694126326468 0.35340563869235014 1.6143764823458482 0.960603327934846
23.357214690901223 0.14030037231905734 -1.0861927137060203 15.812694126326468 0.35340563869235014 1.6143764823458482 0.960603327934846
23.357214690901223 0.1719072201858574 -0.8548202229906949 15.812694126326468 0.35340563869235014 1.6143764823458482 0.960603327934846
23.357214690901223 0.21063445423241212 -0.5465188530768814 15.812694126326468 0.35340563869235014 1.6143764823458482 0.960603327934846
23.357214690901223 0.2580861540418075 -0.14266561164700642 15.812694126326468 0.35340563869235014 1.6143764823458482 0.960603327934846
23.357214690901223 0.31622776601683794 1.0074508304725418 16.57048826417853 0.3644810063154462 1.700777533721263 1.1575906801208218
23.357214690901223 0.38746751204561314 2.5730803544295244 14.940040863011042 0.3950224279630038 1.7572907804672786 1.5619461048468022
23.357214690901223 0.47475613789974225 3.571078812199041 15.849416415949888 0.3967128874942101 1.634499446377805 2.4220484414858965
23.357214690901223 0.581709132937436 3.633739380878825 15.84906603267677 0.3967212084716242 1.6344995760048424 2.4973575304074878
23.357214690901223 0.7127564834438914 2.8486589059884118 16.311437242492797 0.4132931651045141 1.5798547247375359 2.4848119719423485
23.357214690901223 0.8733261623828434 -1.1750920233751518 16.448933488294895 0.4834829455772046 1.7665047617873053 2.3432486769914647
23.357214690901223 1.070068955693175 -3.2757482809467042 17.078838905073177 0.5140765540366727 1.6892118449351479 2.3230599532017093
23.357214690901223 1.3111339374215647 -1.42408891933146 17.967724503058562 0.5421393385476558 1.6901945429164074 2.221157915192006
23.357214690901223 1.6065060038537289 6.702238120818498 18.629828807823237 0.6083483412792523 1.7888646374144417 2.1823728330386865
23.357214690901223 1.9684194472866114 10.476896344554005 19.990149652534896 0.6283358820516907 1.6668201943824532 2.0851967761782655
23.357214690901223 2.4118646996409967 17.294632506648114 20.50671295516308 0.6524047590701167 1.6749050447564056 1.9992958873627003
23.357214690901223 2.9552092352028865 22.25808217999755 21.618850919660346 0.6882018216567589 1.5695280991378577 1.9722455508077554
23.357214690901223 3.6209583502459175 29.69056172315278 22.079590293167247 0.7198552046292404 1.5475092174685665 1.9982612610029729
23.357214690901223 4.436687330978611 39.13159348823021 22.29534674040488 0.7542851527331895 1.5304661865050397 1.9253762727737396
23.357214690901223 5.436183620153836 55.1538503344968 22.711730821863824 0.7684834212125726 1.5976464700482431 1.8295529144267584
23.357214690901223 6.6608462908091575 74.497349015461 21.817672329525713 0.7850581130422849 1.672018319526297 1.8623762099373782
23.357214690901223 8.161400793251827 100.67664056102709 19.46100887467332 0.8628393354866941 1.7799701681224653 2.8437134789731893
23.357214690901223 10.0 110.11616122608535 16.67156605885846 0.9659306868483878 1.5763042764443922 4.142679696798463
29.76351441631318 0.01 -1.4161488332725276 15.812694126326468 0.35340563869235014 1.6143764823458482 0.960603327934846
29.76351441631318 0.012252798573828647 -1.4738290982667006 15.812694126326468 0.35340563869235014 1.6143764823458482 0.960603327934846
29.76351441631318 0.015013107289081734 -1.5308861124895998 15.812694126326468 0.35340563869235014 1.6143764823458482 0.960603327934846
29.76351441631318 0.018395257958039715 -1.5864699413368144 15.812694126326468 0.35340563869235014 1.6143764823458482 0.960603327934846
29.76351441631318 0.022539339047347905 -1.6395022075100918 15.812694126326468 0.35340563869235014 1.6143764823458482 0.960603327934846
29.76351441631318 0.02761699813343848 -1.688622701204959 15.812694126326468 0.35340563869235014 1.6143764823458482 0.960603327934846
29.76351441631318 0.03383855153428234 -1.7321238622816892 15.812694126326468 0.35340563869235014 1.6143764823458482 0.960603327934846
29.76351441631318 0.04146169559796818 -1.767870396992178 15.812694126326468 0.35340563869235014 1.6143764823458482 0.960603327934846
29.76351441631318 0.05080218046913021 -1.7932006748755418 15.812694126326468 0.35340563869235014 1.6143764823458482 0.960603327934846
29.76351441631318 0.06224688843995442 -1.804805795472705 15.812694126326468 0.35340563869235014 1.6143764823458482 0.960603327934846
29.76351441631318 0.07626985859023445 -1.7985812882296226 15.812694126326468 0.35340563869235014 1.6143764823458482 0.960603327934846
29.76351441631318 0.09345192145605373 -1.7694452739900828 15.812694126326468 0.35340563869235014 1.6143764823458482 0.960603327934846
29.76351441631318 0.1145047569938282 -1.7111155258082047 15.812694126326468 0.35340563869235014 1.6143764823458482 0.960603327934846
29.76351441631318 0.14030037231905734 -1.6158361628324183 15.812694126326468 0.35340563869235014 1.6143764823458482 0.960603327934846
29.76351441631318 0.1719072201858574 -1.4740426231440402 15.812694126326468 0.35340563869235014 1.6143764823458482 0.960603327934846
29.76351441631318 0.21063445423241212 -1.2739510031909294 15.812694126326468 0.35340563869235014 1.6143764823458482 0.960603327934846
29.76351441631318 0.2580861540418075 -1.0010547168732478 15.812694126326468 0.35340563869235014 1.6143764823458482 0.960603327934846
29.76351441631318 0.31622776601683794 -0.6375075865750701 15.812694126326468 0.35340563869235014 1.6143764823458482 0.960603327934846
29.76351441631318 0.38746751204561314 -0.1613677724032656 15.812694126326468 0.35340563869235014 1.6143764823458482 0.960603327934846
29.76351441631318 0.47475613789974225 0.975072373429398 15.961253766696153 0.3655536590828667 1.6395495298697134 0.9425795676896874
29.76351441631318 0.581709132937436 0.7387184820507353 12.819683351859126 0.4406989360938822 1.2680349069246657 1.2581436280809886
29.76351441631318 0.7127564834438914 1.8474782368687293 12.57924541983325 0.5086015397954748 1.1202795731121444 2.9476647728414225
29.76351441631318 0.8733261623828434 3.4248153580221468 14.081865949055686 0.4997659699038921 1.1292058639731133 4.657200407436289
29.76351441631318 1.070068955693175 3.4529891527394025 14.087466406685461 0.49995846438600133 1.1296443247558194 4.877437301882696
29.76351441631318 1.3111339374215647 2.3068322838139252 13.691895005429458 0.545449215514862 1.133872162566643 4.845665531313699
29.76351441631318 1.6065060038537289 1.0499698784632443 14.205512463113426 0.565917266242528 1.0205390004603134 5.027000308420279
29.76351441631318 1.9684194472866114 -2.8596229608356882 14.650251016394453 0.5956333622278032 1.0290457371467197 4.738074937158007
29.76351441631318 2.4118646996409967 -4.841745256100813 15.078275523432495 0.6227798988517206 0.9802634012236999 4.900823420503366
29.76351441631318 2.9552092352028865 2.244190315872949 20.278396544292235 0.6539370349174409 1.1959167775675272 2.599004361298703
29.76351441631318 3.6209583502459175 8.185612622233858 20.611217776379448 0.6595776447569279 1.1754474857175223 2.6860802724086446
29.76351441631318 4.436687330978611 15.592944913201437 21.190920581833673 0.6760663604318317 1.190139872690486 2.5769540928073535
29.76351441631318 5.436183620153836 19.317947856995435 21.941435906489787 0.7032457814487333 1.0759612510005523 2.657110580855502
29.76351441631318 6.6608462908091575 23.476854169368245 23.64173817119965 0.7443188753452117 0.9859222260508731 2.456462958778193
29.76351441631318 8.161400793251827 32.35509783230471 23.641552860254002 0.7536392990212919 0.9859100334559123 2.4564913577421312
29.76351441631318 10.0 44.53429716120296 24.75060408468461 0.7559870294072968 0.979743838342922 2.4641625418372257
37.926901907322495 0.01 -1.5304425435852944 15.812694126326468 0.35340563869235014 1.6143764823458482 0.960603327934846
37.926901907322495 0.012252798573828647 -1.5975449403322033 15.812694126326468 0.35340563869235014 1.6143764823458482 0.960603327934846
37.926901907322495 0.015013107289081734 -1.6652960500764284 15.812694126326468 0.35340563869235014 1.6143764823458482 0.960603327934846
37.926901907322495 0.018395257958039715 -1.733088163307378 15.812694126326468 0.35340563869235014 1.6143764823458482 0.960603327934846
37.926901907322495 0.022539339047347905 -1.8001373868477741 15.812694126326468 0.35340563869235014 1.6143764823458482 0.960603327934846
37.926901907322495 0.02761699813343848 -1.8654419066172456 15.812694126326468 0.35340563869235014 1.6143764823458482 0.960603327934846
37.926901907322495 0.03383855153428234 -1.9277307412001876 15.812694126326468 0.35340563869235014 1.6143764823458482 0.960603327934846
37.926901907322495 0.04146169559796818 -1.9854008384313808 15.812694126326468 0.35340563869235014 1.6143764823458482 0.960603327934846
37.926901907322495 0.05080218046913021 -2.0364398830702988 15.812694126326468 0.35340563869235014 1.6143764823458482 0.960603327934846
37.926901907322495 0.06224688843995442 -2.0783315904098645 15.812694126326468 0.35340563869235014 1.6143764823458482 0.960603327934846
37.926901907322495 0.07626985859023445 -2.1079395337826417 15.812694126326468 0.35340563869235014 1.6143764823458482 0.960603327934846
37.926901907322495 0.09345192145605373 -2.1213646632759726 15.812694126326468 0.35340563869235014 1.6143764823458482 0.960603327934846
37.926901907322495 0.1145047569938282 -2.1137705816526715 15.812694126326468 0.35340563869235014 1.6143764823458482 0.960603327934846
37.926901907322495 0.14030037231905734 -2.079169306289237 15.812694126326468 0.35340563869235014 1.6143764823458482 0.960603327934846
37.926901907322495 0.1719072201858574 -2.0101586074986866 15.812694126326468 0.35340563869235014 1.6143764823458482 0.960603327934846
37.926901907322495 0.21063445423241212 -1.8976000060311882 15.812694126326468 0.35340563869235014 1.6143764823458482 0.960603327934846
37.926901907322495 0.2580861540418075 -1.7302240526842059 15.812694126326468 0.35340563869235014 1.6143764823458482 0.960603327934846
37.926901907322495 0.31622776601683794 -1.4941464989125852 15.812694126326468 0.35340563869235014 1.6143764823458482 0.960603327934846
37.926901907322495 0.38746751204561314 -1.172275274261053 15.812694126326468 0.35340563869235014 1.6143764823458482 0.960603327934846
37.926901907322495 0.47475613789974225 -0.7435836613747675 15.812694126326468 0.35340563869235014 1.6143764823458482 0.960603327934846
37.926901907322495 0.581709132937436 -0.038519304257416564 15.86200954165647 0.3699735988150058 1.6043042892261972 0.9636045382699516
37.926901907322495 0.7127564834438914 0.42195674686246587 16.883055491223534 0.36562575773723227 1.4155564668546252 1.0517282071052916
37.926901907322495 0.8733261623828434 2.0824949234053745 25.465482216608635 0.31067988799876156 1.3777202900993135 1.7700618405028168
37.926901907322495 1.070068955693175 0.32918244741490454 25.098144204907612 0.34355201234580957 1.748028459816176 1.7699187835881842
37.926901907322495 1.3111339374215647 -2.798143291664374 27.23542600991642 0.3597158985035796 1.669466465920446 1.7493316738137812
37.926901907322495 1.6065060038537289 -7.831138350741499 28.51718649812238 0.36877451718653426 1.6274045001603232 1.7720036490314244
37.926901907322495 1.9684194472866114 -10.931408385137775 28.668767194930844 0.39289744800710824 1.5183683747031247 1.8743356977602113
37.926901907322495 2.4118646996409967 -12.001022916815016 29.530073565986022 0.40555908678788355 1.3541237386087484 1.95980385934459
37.926901907322495 2.9552092352028865 -8.35291450379103 30.09720020716266 0.4425817330135084 1.3248429797584373 1.955533227526912
37.926901907322495 3.6209583502459175 -3.8568633142706936 30.952259913180406 0.46014060417015623 1.231387202089073 2.0024998803013445
37.926901907322495 4.436687330978611 2.844519317159243 32.16060943023061 0.4665997129580297 1.2226098279311646 1.9778115551044047
37.926901907322495 5.436183620153836 8.349198187172135 33.52645609805579 0.4889504704434047 1.168759273246918 1.886482392283962
37.926901907322495 6.6608462908091575 15.616289669108191 35.65691554700818 0.5092444504951144 1.1450870807469347 1.8749604605243868
37.926901907322495 8.161400793251827 24.113234285458944 37.47022173121519 0.5381922871191304 1.1548548617080083 1.6632824458788742
37.926901907322495 10.0 29.784093495174837 41.40565519267348 0.5693077309922154 1.0607764704622693 1.536315098584463
48.32930238571752 0.01 -1.6463162917466896 15.812694126326468 0.35340563869235014 1.6143764823458482 0.960603327934846
48.32930238571752 0.012252798573828647 -1.7221769249505015 15.812694126326468 0.35340563869235014 1.6143764823458482 0.960603327934846
48.32930238571752 0.015013107289081734 -1.799755534251839 15.812694126326468 0.35340563869235014 1.6143764823458482 0.960603327934846
48.32930238571752 0.018395257958039715 -1.8786382021119263 15.812694126326468 0.35340563869235014 1.6143764823458482 0.960603327934846
48.32930238571752 0.022539339047347905 -1.9582760310819671 15.812694126326468 0.35340563869235014 1.6143764823458482 0.960603327934846
48.32930238571752 0.02761699813343848 -2.0379525610961826 15.812694126326468 0.35340563869235014 1.6143764823458482 0.960603327934846
48.32930238571752 0.03383855153428234 -2.1167437332388155 15.812694126326468 0.35340563869235014 1.6143764823458482 0.960603327934846
48.32930238571752 0.04146169559796818 -2.1934687149524836 15.812694126326468 0.35340563869235014 1.6143764823458482 0.960603327934846
48.32930238571752 0.05080218046913021 -2.2666295217437535 15.812694126326468 0.35340563869235014 1.6143764823458482 0.960603327934846
48.32930238571752 0.06224688843995442 -2.334336904927879 15.812694126326468 0.35340563869235014 1.6143764823458482 0.960603327934846
48.32930238571752 0.07626985859023445 -2.394219404552929 15.812694126326468 0.35340563869235014 1.6143764823458482 0.960603327934846
48.32930238571752 0.09345192145605373 -2.4433117677240803 15.812694126326468 0.35340563869235014 1.6143764823458482 0.960603327934846
48.32930238571752 0.1145047569938282 -2.4779180761582262 15.812694126326468 0.35340563869235014 1.6143764823458482 0.960603327934846
48.32930238571752 0.14030037231905734 -2.493443877461265 15.812694126326468 0.35340563869235014 1.6143764823458482 0.960603327934846
48.32930238571752 0.1719072201858574 -2.4841903288672933 15.812694126326468 0.35340563869235014 1.6143764823458482 0.960603327934846
48.32930238571752 0.21063445423241212 -2.4431017867497946 15.812694126326468 0.35340563869235014 1.6143764823458482 0.960603327934846
48.32930238571752 0.2580861540418075 -2.3614563448504278 15.812694126326468 0.35340563869235014 1.6143764823458482 0.960603327934846
48.32930238571752 0.31622776601683794 -2.2284864589102638 15.812694126326468 0.35340563869235014 1.6143764823458482 0.960603327934846
48.32930238571752 0.38746751204561314 -2.0309138972566276 15.812694126326468 0.35340563869235014 1.6143764823458482 0.960603327934846
48.32930238571752 0.47475613789974225 -1.7523797058496986 15.812694126326468 0.35340563869235014 1.6143764823458482 0.960603327934846
48.32930238571752 0.581709132937436 -1.3727455252361422 15.812694126326468 0.35340563869235014 1.6143764823458482 0.960603327934846
48.32930238571752 0.7127564834438914 -0.8672372655652936 15.812694126326468 0.35340563869235014 1.6143764823458482 0.960603327934846
48.32930238571752 0.8733261623828434 0.39559243413657175 15.888318635225922 0.360808635422463 1.6302488679590192 0.9705337393311666
48.32930238571752 1.070068955693175 -0.39586404688529875 17.155399800890606 0.3734187735155625 2.037512027817076 1.0497173582799397
48.32930238571752 1.3111339374215647 -3.540012912471287 17.805591805357793 0.39213187358988594 1.9432738731398853 1.0372187642378665
48.32930238571752 1.6065060038537289 -7.228399236723732 18.670038512845444 0.4072213887313117 1.7815102584422258 1.0719425661994095
48.32930238571752 1.9684194472866114 -13.804160206490893 19.372839138160465 0.4143712798256225 1.710317053982686 1.0905105781936917
48.32930238571752 2.4118646996409967 -18.99257451516887 19.383201686982108 0.44477550084193557 1.6126570691286566 1.0948452941245248
48.32930238571752 2.9552092352028865 -19.467221504623485 20.067667455529637 0.45799956917005674 1.596517842597395 1.08505378024853
48.32930238571752 3.6209583502459175 -15.736041866641333 19.803778969277083 0.502254511711135 1.4679667683181084 1.0832571131460624
48.32930238571752 4.436687330978611 -10.711058151296552 21.07819627148354 0.5357137657180282 1.3561334377439462 1.0866999523823075
48.32930238571752 5.436183620153836 -2.8693662693148774 21.538923392518633 0.5357183918818944 1.360354080482149 1.0867145873872557
48.32930238571752 6.6608462908091575 4.149648188696812 22.282155901749526 0.5625333148616141 1.3148240310716552 1.0806986570273764
48.32930238571752 8.161400793251827 12.301152815608138 22.998724127114095 0.6026589814670249 1.2954393631584766 1.0617891372568615
48.32930238571752 10.0 19.607097654862514 24.17116943930234 0.6333801243868176 1.2438342644854403 1.0611352789341253
61.58482110660264 0.01 -1.7650654368715197 15.812694126326468 0.35340563869235014 1.6143764823458482 0.960603327934846
61.58482110660264 0.012252798573828647 -1.849248521985765 15.812694126326468 0.35340563869235014 1.6143764823458482 0.960603327934846
61.58482110660264 0.015013107289081734 -1.936064214943937 15.812694126326468 0.35340563869235014 1.6143764823458482 0.960603327934846
61.58482110660264 0.018395257958039715 -2.0252546131479527 15.812694126326468 0.35340563869235014 1.6143764823458482 0.960603327934846
61.58482110660264 0.022539339047347905 -2.1164593741666784 15.812694126326468 0.35340563869235014 1.6143764823458482 0.960603327934846
61.58482110660264 0.02761699813343848 -2.2091903278195617 15.812694126326468 0.35340563869235014 1.6143764823458482 0.960603327934846
61.58482110660264 0.03383855153428234 -2.3028002484981216 15.812694126326468 0.35340563869235014 1.6143764823458482 0.960603327934846
61.58482110660264 0.04146169559796818 -2.396444465872403 15.812694126326468 0.35340563869235014 1.6143764823458482 0.960603327934846
61.58482110660264 0.05080218046913021 -2.4890336940158755 15.812694126326468 0.35340563869235014 1.6143764823458482 0.960603327934846
61.58482110660264 0.06224688843995442 -2.579176093692561 15.812694126326468 0.35340563869235014 1.6143764823458482 0.960603327934846
61.58482110660264 0.07626985859023445 -2.6651061349502463 15.812694126326468 0.35340563869235014 1.6143764823458482 0.960603327934846
61.58482110660264 0.09345192145605373 -2.7445972787094917 15.812694126326468 0.35340563869235014 1.6143764823458482 0.960603327934846
61.58482110660264 0.1145047569938282 -2.814854824008626 15.812694126326468 0.35340563869235014 1.6143764823458482 0.960603327934846
61.58482110660264 0.14030037231905734 -2.8723844441196964 15.812694126326468 0.35340563869235014 1.6143764823458482 0.960603327934846
61.58482110660264 0.1719072201858574 -2.912830925777662 15.812694126326468 0.35340563869235014 1.6143764823458482 0.960603327934846
61.58482110660264 0.21063445423241212 -2.930780389468018 15.812694126326468 0.35340563869235014 1.6143764823458482 0.960603327934846
61.58482110660264 0.2580861540418075 -2.9195177538838917 15.812694126326468 0.35340563869235014 1.6143764823458482 0.960603327934846
61.58482110660264 0.31622776601683794 -2.8707293515422583 15.812694126326468 0.35340563869235014 1.6143764823458482 0.960603327934846
61.58482110660264 0.38746751204561314 -2.7741383282539136 15.812694126326468 0.35340563869235014 1.6143764823458482 0.960603327934846
61.58482110660264 0.47475613789974225 -2.617057672465634 15.812694126326468 0.35340563869235014 1.6143764823458482 0.960603327934846
61.58482110660264 0.581709132937436 -2.3838423060050076 15.812694126326468 0.35340563869235014 1.6143764823458482 0.960603327934846
61.58482110660264 0.7127564834438914 -2.0552174840237805 15.812694126326468 0.35340563869235014 1.6143764823458482 0.960603327934846
61.58482110660264 0.8733261623828434 -1.6074556256567276 15.812694126326468 0.35340563869235014 1.6143764823458482 0.960603327934846
61.58482110660264 1.070068955693175 -0.7692405840776066 15.821900760318211 0.3617601465497451 1.6237764921726432 0.9792040758387965
61.58482110660264 1.3111339374215647 0.3875615283941496 13.045950404325836 0.42536625759801283 1.473816323760797 1.3556632145765688
61.58482110660264 1.6065060038537289 0.25687831093071267 13.055521259115135 0.42571673051485415 1.4716710925780534 1.3884275777772146
61.58482110660264 1.9684194472866114 -2.546814102968659 13.382575879151235 0.43635226780084285 1.4716562783628926 1.3883119583678711
61.58482110660264 2.4118646996409967 -9.314057270953972 13.071419712504246 0.4851186255407046 1.490130476128896 1.2415840582543722
61.58482110660264 2.9552092352028865 -18.556446601461104 13.683025464986564 0.4908570186795085 1.478379321239189 1.239630952923409
61.58482110660264 3.6209583502459175 -22.938179981381445 13.48897114188141 0.5329054416076977 1.3127490312487287 1.2773200639518394
61.58482110660264 4.436687330978611 -27.549115086991662 13.477321452291804 0.5722146018515328 1.2482815025656082 1.2364571082231601
61.58482110660264 5.436183620153836 -23.626052834614516 14.274911052649552 0.6074264059280358 1.2315016620775534 1.1807811155232715
61.58482110660264 6.6608462908091575 -16.74055621406129 14.709822224835639 0.625940190188955 1.1834340672400183 1.177967466392516
61.58482110660264 8.161400793251827 -9.466563178392612 15.261414668671183 0.6337660107239671 1.1538506920429268 1.1926896368037094
61.58482110660264 10.0 -3.070879069347548 15.973947823731656 0.6668229357789671 1.0850249283420577 1.2320520136012676
78.47599703514611 0.01 -1.8878086877362237 15.812694126326468 0.35340563869235014 1.6143764823458482 0.960603327934846
78.47599703514611 0.012252798573828647 -1.9800627755272218 15.812694126326468 0.35340563869235014 1.6143764823458482 0.960603327934846
78.47599703514611 0.015013107289081734 -2.0757474717868325 15.812694126326468 0.35340563869235014 1.6143764823458482 0.960603327934846
78.47599703514611 0.018395257958039715 -2.174731488751677 15.812694126326468 0.35340563869235014 1.6143764823458482 0.960603327934846
78.47599703514611 0.022539339047347905 -2.276806852800312 15.812694126326468 0.35340563869235014 1.6143764823458482 0.960603327934846
78.47599703514611 0.02761699813343848 -2.3816691740701574 15.812694126326468 0.35340563869235014 1.6143764823458482 0.960603327934846
78.47599703514611 0.03383855153428234 -2.488893343320946 15.812694126326468 0.35340563869235014 1.6143764823458482 0.960603327934846
78.47599703514611 0.04146169559796818 -2.597903619231542 15.812694126326468 0.35340563869235014 1.6143764823458482 0.960603327934846
78.47599703514611 0.05080218046913021 -2.7079368353966107 15.812694126326468 0.35340563869235014 1.6143764823458482 0.960603327934846
78.47599703514611 0.06224688843995442 -2.8179971696536517 15.812694126326468 0.35340563869235014 1.6143764823458482 0.960603327934846
78.47599703514611 0.07626985859023445 -2.926800567142598 15.812694126326468 0.35340563869235014 1.6143764823458482 0.960603327934846
78.47599703514611 0.09345192145605373 -3.032706478127152 15.812694126326468 0.35340563869235014 1.6143764823458482 0.960603327934846
78.47599703514611 0.1145047569938282 -3.133634044258605 15.812694126326468 0.35340563869235014 1.6143764823458482 0.960603327934846
78.47599703514611 0.14030037231905734 -3.2269592207912376 15.812694126326468 0.35340563869235014 1.6143764823458482 0.960603327934846
78.47599703514611 0.1719072201858574 -3.3093885304940844 15.812694126326468 0.35340563869235014 1.6143764823458482 0.960603327934846
78.47599703514611 0.21063445423241212 -3.3768041748462982 15.812694126326468 0.35340563869235014 1.6143764823458482 0.960603327934846
78.47599703514611 0.2580861540418075 -3.4240740393631937 15.812694126326468 0.35340563869235014 1.6143764823458482 0.960603327934846
78.47599703514611 0.31622776601683794 -3.4448186733333586 15.812694126326468 0.35340563869235014 1.6143764823458482 0.960603327934846
78.47599703514611 0.38746751204561314 -3.431125539516962 15.812694126326468 0.35340563869235014 1.6143764823458482 0.960603327934846
78.47599703514611 0.47475613789974225 -3.373198642531161 15.812694126326468 0.35340563869235014 1.6143764823458482 0.960603327934846
78.47599703514611 0.581709132937436 -3.258928965145297 15.812694126326468 0.35340563869235014 1.6143764823458482 0.960603327934846
78.47599703514611 0.7127564834438914 -3.0733678585339357 15.812694126326468 0.35340563869235014 1.6143764823458482 0.960603327934846
78.47599703514611 0.8733261623828434 -2.7980815096929974 15.812694126326468 0.35340563869235014 1.6143764823458482 0.960603327934846
78.47599703514611 1.070068955693175 -2.4103596800792597 15.812694126326468 0.35340563869235014 1.6143764823458482 0.960603327934846
78.47599703514611 1.3111339374215647 -1.8822458699125217 15.812694126326468 0.35340563869235014 1.6143764823458482 0.960603327934846
78.47599703514611 1.6065060038537289 -0.5837560505619388 15.868651094029495 0.3705006095141543 1.618578939149928 0.9621733749003893
78.47599703514611 1.9684194472866114 -2.809296976810084 15.87984967864604 0.3705203312428812 1.698293015695007 0.9621248517876466
78.47599703514611 2.4118646996409967 -5.0411011626082285 14.36218191686605 0.41517395957232694 1.5354882551713063 1.054923271495746
78.47599703514611 2.9552092352028865 -12.461281113548937 14.453401486614776 0.42818198934278295 1.5318042805594034 1.0538780233650036
78.47599703514611 3.6209583502459175 -18.889648541353168 14.646482644377935 0.4585551595474044 1.39393366232327 1.0578915591822924
78.47599703514611 4.436687330978611 -32.666611053952835 14.111225238703533 0.5289633051927063 1.4356634468668217 0.9767085639049309
78.47599703514611 5.436183620153836 -36.0284822223429 14.470939328207841 0.542301005420234 1.4354791492055756 0.9754479300599679
78.47599703514611 6.6608462908091575 -33.72699597250852 14.587326213504564 0.5820153739872451 1.2945403160410343 0.9590537823592415
78.47599703514611 8.161400793251827 -23.93814781866277 14.5878326349852 0.6110993062561662 1.2944599315583751 0.9590750761502359
78.47599703514611 10.0 -17.742630355685026 14.932184424506147 0.6633930885694084 1.2204025572802917 0.9242478583671552
100.0 0.01 -2.015532506891202 15.812694126326468 0.35340563869235014 1.6143764823458482 0.960603327934846
100.0 0.012252798573828647 -2.1157564627520067 15.812694126326468 0.35340563869235014 1.6143764823458482 0.960603327934846
100.0 0.015013107289081734 -2.2201225123295814 15.812694126326468 0.35340563869235014 1.6143764823458482 0.960603327934846
100.0 0.018395257958039715 -2.3286031718191205 15.812694126326468 0.35340563869235014 1.6143764823458482 0.960603327934846
100.0 0.022539339047347905 -2.4411147136786093 15.812694126326468 0.35340563869235014 1.6143764823458482 0.960603327934846
100.0 0.02761699813343848 -2.557501888110044 15.812694126326468 0.35340563869235014 1.6143764823458482 0.960603327934846
100.0 0.03383855153428234 -2.6775190667131663 15.812694126326468 0.35340563869235014 1.6143764823458482 0.960603327934846
100.0 0.04146169559796818 -2.8008069952190584 15.812694126326468 0.35340563869235014 1.6143764823458482 0.960603327934846
100.0 0.05080218046913021 -2.9268641586686286 15.812694126326468 0.35340563869235014 1.6143764823458482 0.960603327934846
100.0 0.06224688843995442 -3.055011537491098 15.812694126326468 0.35340563869235014 1.6143764823458482 0.960603327934846
100.0 0.07626985859023445 -3.1843492573397887 15.812694126326468 0.35340563869235014 1.6143764823458482 0.960603327934846
100.0 0.09345192145605373 -3.3137032978367897 15.812694126326468 0.35340563869235014 1.6143764823458482 0.960603327934846
100.0 0.1145047569938282 -3.4415600115716707 15.812694126326468 0.35340563869235014 1.6143764823458482 0.960603327934846
100.0 0.14030037231905734 -3.5659856976472 15.812694126326468 0.35340563869235014 1.6143764823458482 0.960603327934846
100.0 0.1719072201858574 -3.684527852759384 15.812694126326468 0.35340563869235014 1.6143764823458482 0.960603327934846
100.0 0.21063445423241212 -3.794093961499802 15.812694126326468 0.35340563869235014 1.6143764823458482 0.960603327934846
100.0 0.2580861540418075 -3.8908027547360042 15.812694126326468 0.35340563869235014 1.6143764823458482 0.960603327934846
100.0 0.31622776601683794 -3.969801721916398 15.812694126326468 0.35340563869235014 1.6143764823458482 0.960603327934846
100.0 0.38746751204561314 -4.025043262609348 15.812694126326468 0.35340563869235014 1.6143764823458482 0.960603327934846
100.0 0.47475613789974225 -4.04901014650485 15.812694126326468 0.35340563869235014 1.6143764823458482 0.960603327934846
100.0 0.581709132937436 -4.032378848393657 15.812694126326468 0.35340563869235014 1.6143764823458482 0.960603327934846
100.0 0.7127564834438914 -3.963606748190797 15.812694126326468 0.35340563869235014 1.6143764823458482 0.960603327934846
100.0 0.8733261623828434 -3.8284260291635923 15.812694126326468 0.35340563869235014 1.6143764823458482 0.960603327934846
100.0 1.070068955693175 -3.6092232393906762 15.812694126326468 0.35340563869235014 1.6143764823458482 0.960603327934846
100.0 1.3111339374215647 -3.284278741891203 15.812694126326468 0.35340563869235014 1.6143764823458482 0.960603327934846
100.0 1.6065060038537289 -2.8268344714992244 15.812694126326468 0.35340563869235014 1.6143764823458482 0.960603327934846
100.0 1.9684194472866114 -2.0499354709791975 15.780596951975062 0.3628225037520071 1.6115731838000014 0.9721258130246613
100.0 2.4118646996409967 -2.820163552861149 15.78092905757348 0.36282667008844766 1.61158112702965 1.0147124592157724
100.0 2.9552092352028865 -6.30502738939265 16.422067344318506 0.37757400263204577 1.5411081880080797 0.986132900500754
100.0 3.6209583502459175 -11.30887547693397 17.364789069348564 0.3957192779419877 1.4339339406126075 0.9665059506915255
100.0 4.436687330978611 -24.670119998726598 17.217676888541856 0.4120870973119865 1.4598897717689874 0.9091060416486105
100.0 5.436183620153836 -36.46324689251969 18.430712908274316 0.43988782900166434 1.3761744343227669 0.87549781474457
100.0 6.6608462908091575 -47.305303291595884 18.766134218788324 0.45399656242681524 1.346597460386498 0.872459160389562
100.0 8.161400793251827 -49.15350582890909 19.365795069226973 0.4841954104426677 1.23254422281744 0.8746683567477783
100.0 10.0 -42.89475623339442 19.878128613975285 0.4960691879633009 1.185529053456273 0.8896158795963508
